A = [1:5; 6:10; 11:15; 16:20];
row=[1 1 1 1]
column=[1;1;1;1;1]
result=row*A*column
